0 Apaf_0     	100000	281495
1 BAR_0     	1000	124.879
2 Bad_0     	1000	0.251681
3 Bak_0     	20000	1248.62
4 Bax_0     	80000	16520.9
5 Bcl2_0     	20000	194824
6 BclxL_0     	20000	69175.7
7 Bid_0     	40000	52559.5
8 C3_0     	10000	11330.6
9 C6_0     	10000	3398.34
10 C8_0     	20000	10278.3
11 C9_0     	100000	10724.5
12 CytoC_0     	500000	211648
13 L_0     	3000	1108.53
14 Mcl1_0     	20000	144.654
15 NOXA_0     	1000	3691.94
16 PARP_0     	1e+06	7.94842e+06
17 R_0     	200	0.793642
18 Smac_0     	100000	9039.69
19 XIAP_0     	100000	5062.41
20 flip_0     	100	2.70581
21 kapafc9f     	5e-08	4.2016e-08
22 kapafc9r     	0.001	1.32783e-05
23 kapopc3c     	1	0.000254103
24 kapopc3f     	5e-09	1.19761e-09
25 kapopc3r     	0.001	3.71945e-05
26 kapopxiapf     	2e-06	8.05002e-10
27 kapopxiapr     	0.001	0.000697762
28 kbadbcl2f     	3.77285e-06	1.9018e-07
29 kbadbcl2r     	0.00106766	0.000159816
30 kbadbclxlf     	5.02787e-05	0.000583119
31 kbadbclxlr     	0.000296895	4.57714e-05
32 kbakcytocMCc     	27.3582	0.576579
33 kbakcytocMCf     	9.21064e-06	1.22082e-06
34 kbakcytocMCr     	0.00234088	0.001337
35 kbakdimf     	1.98972e-05	6.12425e-06
36 kbakdimr     	0.0011791	0.0118576
37 kbaksmacCAc     	27.3582	55.0541
38 kbaksmacCAf     	9.21064e-06	8.44988e-07
39 kbaksmacCAr     	0.00234088	4.04326e-05
40 kbaktetf     	0.000116489	1.62756e-06
41 kbaktetr     	0.000743264	0.000127627
42 kbaktrimf     	0.000120932	9.18313e-05
43 kbaktrimr     	4.81022e-06	1.10435e-06
44 kbarc8f     	3.74374e-07	5.66399e-09
45 kbarc8r     	0.00154671	3.12425e-05
46 kbaxCbaxMf     	0.00730727	0.00228601
47 kbaxCbaxMr     	0.0107476	0.0292093
48 kbaxcytocMCc     	11.1174	5.14087
49 kbaxcytocMCf     	1.07052e-05	7.36936e-07
50 kbaxcytocMCr     	0.00114075	0.0015762
51 kbaxdimf     	1.9e-05	1.39106e-07
52 kbaxdimr     	0.00253169	6.64243e-05
53 kbaxsmacCAc     	11.1174	1.36383
54 kbaxsmacCAf     	1.07052e-05	5.97887e-05
55 kbaxsmacCAr     	0.00114075	1.3953e-05
56 kbaxtetf     	0.000116	0.000484345
57 kbaxtetr     	0.000902098	3.88319e-05
58 kbaxtrimf     	0.00012	0.000395583
59 kbaxtrimr     	0.000455746	2.97182e-06
60 kbclxlCbclxlMf     	0.000808305	2.49728e-06
61 kbclxlCbclxlMr     	0.0136381	0.00098865
62 kbidTbidMf     	0.0612608	0.060876
63 kbidTbidMr     	0.000709216	0.000105846
64 kbidbcl2f     	1.4528e-06	4.36981e-06
65 kbidbcl2r     	0.0017079	5.22537e-07
66 kbidbclxlf     	2.53724e-06	1.71009e-06
67 kbidbclxlr     	0.00077761	3.34739e-06
68 kbidmbaxc     	3.12885	0.243004
69 kbidmbaxf     	1.78519e-08	1.56946e-11
70 kbidmbaxr     	0.00012702	6.90766e-05
71 kbidtbakc     	0.6161	0.877574
72 kbidtbakf     	2.38401e-07	1.68066e-07
73 kbidtbakr     	0.00116687	0.00450205
74 kbidtbaxc     	3.12885	2.06008
75 kbidtbaxf     	1.78519e-08	4.30672e-07
76 kbidtbaxr     	0.00012702	9.12676e-06
77 kc3c6c     	1	8.76585
78 kc3c6f     	1e-06	6.76363e-06
79 kc3c6r     	0.001	0.00229697
80 kc3parpc     	1	0.025819
81 kc3parpf     	1e-06	2.73031e-06
82 kc3parpr     	0.01	0.00298938
83 kc6c8c     	1	0.00590232
84 kc6c8f     	3e-08	6.16467e-08
85 kc6c8r     	0.001	0.00111018
86 kc8bidc     	16.0134	0.784271
87 kc8bidf     	4.1289e-08	3.04218e-07
88 kc8bidr     	4.56776e-05	1.5054e-05
89 kc8c3c     	1	0.0380834
90 kc8c3f     	1e-07	3.64151e-07
91 kc8c3r     	0.001	0.00359817
92 kcytocCapafc     	1	0.00157778
93 kcytocCapaff     	5e-07	2.55252e-06
94 kcytocCapafr     	0.001	0.000150193
95 kcytocCcytoAf     	0.0273685	0.00481505
96 kcytocCcytoAr     	0.0136701	7.52262e-05
97 kdiscc8c     	7.21961	0.542974
98 kdiscc8f     	6.24456e-06	4.13987e-06
99 kdiscc8r     	5.3163e-05	3.92969e-06
100 kflipdiscf     	4.2069e-07	4.53444e-08
101 kflipdiscr     	7.29147e-05	1.03419e-05
102 klrc     	6.25172e-06	7.74988e-06
103 klrf     	3.16779e-07	1.08541e-10
104 klrr     	0.00348412	0.000786638
105 knoxabclxlf     	1.46065e-05	1.56859e-06
106 knoxabclxlr     	0.0013719	0.000370769
107 knoxamcl1f     	5.97803e-06	4.19337e-06
108 knoxamcl1r     	6.68822e-05	2.54565e-06
109 ksmacCsmacAf     	0.0273685	0.0366159
110 ksmacCsmacAr     	0.0159988	0.210688
111 ksmacxiapf     	3e-06	3.76288e-06
112 ksmacxiapr     	0.0018489	0.00194268
113 kxiapc3c     	0.1	0.0358206
114 kxiapc3f     	2e-06	9.07706e-09
115 kxiapc3r     	0.001	0.00340519
