0 Apaf_0     	100000	116968
1 BAR_0     	1000	3025.96
2 Bad_0     	1000	1485.62
3 Bak_0     	20000	30431.4
4 Bax_0     	80000	37153.3
5 Bcl2_0     	20000	12406.7
6 BclxL_0     	20000	1483.64
7 Bid_0     	40000	433.746
8 C3_0     	10000	9801.27
9 C6_0     	10000	1607.24
10 C8_0     	20000	19770.8
11 C9_0     	100000	12029.4
12 CytoC_0     	500000	619255
13 L_0     	3000	4445.64
14 Mcl1_0     	20000	5727.9
15 NOXA_0     	1000	491.03
16 PARP_0     	1e+06	561746
17 R_0     	200	168.667
18 Smac_0     	100000	175728
19 XIAP_0     	100000	54165.4
20 bakbclxlf     	0.00013964	8.04522e-05
21 bakbclxlr     	0.00033486	0.000740432
22 bakmcl1f     	0.000113611	5.54899e-05
23 bakmcl1r     	0.0117983	0.00425395
24 baxbcl2f     	0.000396587	3.05373e-05
25 baxbcl2r     	0.00123289	0.00137075
26 baxbclxlf     	2.53724e-06	4.19607e-07
27 baxbclxlr     	0.00077761	3.82151e-05
28 bidbclxlf     	2.53724e-06	1.96233e-06
29 bidbclxlr     	0.00077761	0.00100209
30 flip_0     	100	48.2814
31 kapafc9f     	5e-08	6.37056e-08
32 kapafc9r     	0.001	0.000481572
33 kapopc3c     	1	0.521472
34 kapopc3f     	5e-09	1.68328e-09
35 kapopc3r     	0.001	0.000375469
36 kapopxiapf     	2e-06	3.66608e-08
37 kapopxiapr     	0.001	0.000191893
38 kbadCbadMf     	4.91481	1.09624
39 kbadCbadMr     	0.00140411	7.53501e-05
40 kbadbcl2f     	3.77285e-06	5.02589e-07
41 kbadbcl2r     	0.00106766	0.00148981
42 kbadbclxlf     	5.02787e-05	1.13568e-05
43 kbadbclxlr     	0.000296895	0.000449593
44 kbakbakc     	0.6161	0.0232794
45 kbakbakf     	2.38401e-07	1.59141e-07
46 kbakbakr     	0.00116687	0.00228338
47 kbakcytocMCc     	27.3582	67.6398
48 kbakcytocMCf     	9.21064e-06	5.07235e-06
49 kbakcytocMCr     	0.00234088	0.00477691
50 kbakdimf     	1.98972e-05	3.13432e-05
51 kbakdimr     	0.0011791	0.000602781
52 kbaksmacCAc     	27.3582	7.6876
53 kbaksmacCAf     	9.21064e-06	2.56125e-08
54 kbaksmacCAr     	0.00234088	0.00630611
55 kbaktetf     	0.000116489	1.90285e-06
56 kbaktetr     	0.000743264	0.00192762
57 kbaktrimf     	0.000120932	0.00027282
58 kbaktrimr     	4.81022e-06	1.4545e-05
59 kbarc8f     	3.74374e-07	1.17269e-07
60 kbarc8r     	0.00154671	0.000758191
61 kbaxCbaxMf     	0.00730727	0.0152332
62 kbaxCbaxMr     	0.0107476	0.00620554
63 kbaxbaxc     	3.12885	2.37823
64 kbaxbaxf     	1.78519e-08	5.16229e-10
65 kbaxbaxr     	0.00012702	0.000144627
66 kbaxbclxl_RAc     	3.12885	4.64223
67 kbaxbclxl_RAf     	1.78519e-08	1.11755e-08
68 kbaxbclxl_RAr     	0.00012702	5.17814e-05
69 kbaxcytocMCc     	11.1174	12.0605
70 kbaxcytocMCf     	1.07052e-05	3.93618e-06
71 kbaxcytocMCr     	0.00114075	0.0012641
72 kbaxdimf     	1.9e-05	1.83353e-05
73 kbaxdimr     	0.00253169	0.00204591
74 kbaxsmacCAc     	11.1174	3.35595
75 kbaxsmacCAf     	1.07052e-05	7.25768e-06
76 kbaxsmacCAr     	0.00114075	0.00122868
77 kbaxtetf     	0.000116	2.55011e-06
78 kbaxtetr     	0.000902098	0.000551388
79 kbaxtrimf     	0.00012	0.000154088
80 kbaxtrimr     	0.000455746	0.000259991
81 kbcl2Cbcl2Mf     	0.0218509	0.000889318
82 kbcl2Cbcl2Mr     	0.00139519	0.00125847
83 kbclxlCbclxlMf     	0.000808305	0.00347851
84 kbclxlCbclxlMr     	0.0136381	0.0190675
85 kbidTbidMf     	0.0612608	0.109258
86 kbidTbidMr     	0.000709216	0.00029933
87 kbidbakc     	0.6161	0.786745
88 kbidbakf     	2.38401e-07	2.19676e-07
89 kbidbakr     	0.00116687	0.00225531
90 kbidbaxc     	3.12885	8.05181
91 kbidbaxf     	1.78519e-08	4.13435e-09
92 kbidbaxr     	0.00012702	0.00036301
93 kbidbcl2f     	1.4528e-06	6.12156e-07
94 kbidbcl2r     	0.0017079	0.00062481
95 kbidbclxl_RAc     	3.12885	9.37181
96 kbidbclxl_RAf     	1.78519e-08	6.47652e-09
97 kbidbclxl_RAr     	0.00012702	8.08256e-05
98 kc3c6c     	1	0.476931
99 kc3c6f     	1e-06	1.77614e-06
100 kc3c6r     	0.001	0.00097616
101 kc3parpc     	1	0.900072
102 kc3parpf     	1e-06	1.20105e-06
103 kc3parpr     	0.01	0.0031186
104 kc6c8c     	1	4.06322
105 kc6c8f     	3e-08	6.69828e-08
106 kc6c8r     	0.001	0.000330403
107 kc8bidc     	16.0134	7.81494
108 kc8bidf     	4.1289e-08	1.44739e-07
109 kc8bidr     	4.56776e-05	5.47636e-06
110 kc8c3c     	1	1.71873
111 kc8c3f     	1e-07	2.60593e-07
112 kc8c3r     	0.001	0.00324129
113 kcytocCapafc     	1	1.31954
114 kcytocCapaff     	5e-07	5.86585e-07
115 kcytocCapafr     	0.001	0.000177492
116 kcytocCcytoAf     	0.0273685	0.0712342
117 kcytocCcytoAr     	0.0136701	0.0105327
118 kdiscc8c     	7.21961	0.1945
119 kdiscc8f     	6.24456e-06	4.58695e-06
120 kdiscc8r     	5.3163e-05	3.40389e-05
121 kflipdiscf     	4.2069e-07	1.75039e-07
122 kflipdiscr     	7.29147e-05	2.22096e-05
123 klrc     	6.25172e-06	3.09041e-06
124 klrf     	3.16779e-07	1.88962e-07
125 klrr     	0.00348412	0.00178712
126 knoxabcl2f     	1.46065e-05	4.48002e-08
127 knoxabcl2r     	0.0013719	0.000661748
128 knoxamcl1f     	5.97803e-06	7.47923e-06
129 knoxamcl1r     	6.68822e-05	5.91261e-05
130 ksmacCsmacAf     	0.0273685	0.0243467
131 ksmacCsmacAr     	0.0159988	0.00456092
132 ksmacxiapf     	3e-06	9.52094e-06
133 ksmacxiapr     	0.0018489	0.000498771
134 kxiapc3c     	0.1	0.011568
135 kxiapc3f     	2e-06	2.29556e-06
136 kxiapc3r     	0.001	0.00112176
