In [129]: annlout
Out[129]: 
(array([  2.79211758e+05,   1.03208177e+03,   1.95092792e+02,
         2.22657583e+04,   1.38677234e+05,   2.41477492e+04,
         2.75912193e+04,   1.99474355e+04,   1.02199809e+03,
         3.34433365e+03,   1.58091048e+05,   2.14410868e+04,
         1.46115290e+04,   7.86533239e+04,   1.08611162e+04,
         2.22025138e+05,   4.65281759e+01,   6.98391499e+03,
         4.40559341e+04,   3.86686433e-04,   6.95089414e-05,
         6.70050401e-04,   3.36219271e-02,   2.36586315e-05,
         4.48967023e-03,   3.34780769e-07,   2.93887323e-04,
         3.32886915e-04,   2.50510459e-02,   3.16660168e+01,
         6.57349432e-07,   1.30707442e-05,   1.20651142e+00,
         2.03032623e-09,   4.06303338e-04,   8.40948920e-06,
         6.77581360e-06,   5.09817477e-05,   8.14022287e-05,
         6.35244103e+01,   1.42824158e-05,   1.46443286e-03,
         2.44779557e-05,   1.33553467e-03,   7.50182858e+00,
         2.40279844e-05,   1.97797336e-03,   1.10509624e-05,
         1.72625280e-05,   8.36989975e-05,   8.08023688e-07,
         3.69578277e-07,   2.48314652e-05,   2.17441264e-03,
         1.05033768e-03,   9.19740066e+00,   1.31253672e-06,
         4.83878805e-04,   4.81749469e-05,   1.19748596e-03,
         3.16262221e-01,   3.30722287e-05,   3.12781304e-04,
         2.32984849e-04,   3.98602770e-06,   8.45624231e-06,
         2.25416392e-03,   2.38120200e-04,   2.06004921e-02,
         2.47912552e-01,   1.21270805e-06,   1.20908108e-03,
         2.98449739e-02,   1.12706737e-06,   6.61148161e-03,
         9.23863509e-01,   7.09329737e-10,   4.69528501e-03,
         2.19780209e-01,   4.24902413e-07,   3.51379935e-03,
         7.99584921e-01,   1.09964391e-07,   3.89873094e-04,
         3.22140379e-01,   6.06783089e-07,   7.89454201e-04,
         2.25026503e-03,   6.58163515e-04,   1.92467883e-01,
         6.01688916e-07,   6.65048937e-04,   8.74862349e-07,
         1.03998610e-05,   2.88157784e-05,   9.48842284e-07,
         1.01886465e-03,   1.15268909e-05,   6.99840621e-05,
         2.10237555e-06,   3.44592791e-04,   4.10156613e-04,
         9.48569456e-01,   7.57620499e-06,   5.68824134e-02,
         7.27907742e-03,   3.83069650e-06,   6.38709168e-03]),
 3496.1655607422549,
 396.7062729181302,
 901,
 17,
 80,
 5)

