In [88]: annlout
Out[88]: 
(array([  3.96617060e+04,   8.75496010e+02,   1.35969276e+03,
         1.81823448e+04,   1.76026195e+05,   2.95029567e+04,
         3.25487758e+04,   8.41825861e+04,   1.82840674e+04,
         1.10347629e+04,   1.45619491e+04,   6.29222721e+04,
         7.71694043e+05,   3.42236703e+03,   2.07949638e+04,
         5.74823670e+02,   1.85030718e+05,   2.44460564e+01,
         9.81574070e+03,   3.35337579e+04,   3.21126166e-04,
         4.20739850e-04,   1.21940294e-04,   2.09607498e-02,
         2.93794527e-05,   2.60874630e-03,   2.75541605e-06,
         7.12063671e-04,   4.42096554e-06,   9.42082921e-05,
         1.70672927e+02,   8.45210690e-08,   6.38028551e-04,
         7.98800561e-01,   5.82309222e-09,   8.59190426e-04,
         2.52217882e-06,   1.28385774e-03,   9.39754761e+00,
         7.19810538e-04,   2.62548313e-06,   7.92512731e-04,
         1.24718803e-05,   2.84347984e-04,   1.31503159e+00,
         8.35191086e-08,   1.22452742e-03,   2.63214912e+01,
         4.04862143e-06,   2.00515657e-03,   1.04253553e-05,
         2.86768393e-03,   7.44339522e+01,   1.55442641e-05,
         3.03196420e-03,   4.55163421e-05,   7.11674162e-04,
         3.69213858e-05,   4.18451839e-06,   2.36530949e-07,
         1.40353680e-03,   9.60758263e-03,   2.29805994e-04,
         6.75816306e+00,   3.46851376e-09,   1.19487565e-04,
         3.03906062e+00,   6.50387335e-08,   1.81373304e-04,
         5.55656052e+00,   1.46561669e-05,   2.47263911e-04,
         4.06582933e-06,   2.40720727e-03,   2.08441252e+01,
         8.53771617e-06,   9.77745159e-04,   1.07748859e-05,
         1.77100259e-03,   3.45862971e-05,   2.61426838e-04,
         2.78079321e-02,   2.62285927e-03,   1.32954859e-03,
         2.12446015e-02,   3.93888746e-02,   1.47870839e-03,
         6.87370713e-01,   1.30177366e-07,   5.87563886e-04,
         2.56446359e+00,   3.50259696e-09,   1.74117729e-04,
         6.57298461e-07,   2.03288162e-04,   3.04718327e+00,
         1.82381488e-08,   3.25073017e-04,   9.56708293e-01,
         1.69214950e-07,   7.38115145e-04,   4.11758275e-01,
         1.41339178e-06,   7.62074535e-03,   7.40392320e-01,
         1.67777428e-08,   1.64002521e-03,   1.76443589e+01,
         4.03583906e-08,   7.20722635e-05,   2.71990559e+00,
         3.11747328e-08,   1.62361795e-03,   4.20893727e-01,
         1.05457416e-06,   1.60097920e-04,   3.64104472e-02,
         7.43201433e-03,   9.35038532e+00,   1.08302805e-05,
         1.03962989e-04,   5.36436990e-07,   1.67956163e-05,
         1.77074957e-05,   6.41610788e-07,   7.42969981e-03,
         2.27571693e-06,   8.69013768e-04,   6.84465485e-06,
         1.23128351e-04,   1.93145392e-03,   5.12152812e-02,
         2.85121857e-06,   5.53645808e-03,   9.60051993e-02,
         5.95707406e-06,   5.51465267e-04]),
 337.39534481049799,
 0.00024840968279390746,
 1151,
 22,
 383,
 0)

