In [105]: annlout
Out[105]: 
(array([  2.83868998e+04,   1.03590731e+04,   5.29443560e+01,
         4.99989593e+04,   2.24586371e+04,   6.57993266e+04,
         6.60928533e+02,   1.70165618e+05,   1.04098086e+02,
         3.09397241e+04,   6.96572804e+03,   1.33204960e+04,
         1.87796151e+06,   4.97585755e+02,   1.35821903e+05,
         2.06904831e+02,   1.95908364e+06,   1.18198749e+01,
         5.13895901e+03,   1.04813308e+05,   4.17791716e+00,
         1.22181912e-08,   1.18881746e-03,   7.21509965e-01,
         6.09109743e-11,   4.31549630e-05,   3.07559422e-05,
         1.20474265e-03,   1.04391610e-07,   1.02465041e-05,
         1.21627003e-04,   2.87115643e-05,   1.75182845e-01,
         5.57836122e-05,   3.22109565e-03,   6.56531614e-06,
         2.98705602e-05,   9.80082369e+01,   9.06499768e-05,
         4.42323634e-04,   6.03104185e-05,   1.38970070e-05,
         5.61098518e-04,   1.16987991e-05,   1.58449240e-07,
         8.26994351e-03,   1.87850821e-03,   4.51026360e-04,
         6.60912665e+00,   2.44340349e-06,   1.88855804e-03,
         2.99745700e-04,   8.16109797e-04,   9.30682304e+00,
         5.64343260e-06,   1.94188386e-03,   1.08560571e-06,
         8.64699467e-05,   1.84671586e-05,   1.82752073e-04,
         3.40898807e-02,   5.96390194e-03,   9.41032690e-02,
         5.93918124e-04,   7.93415269e-07,   3.75306577e-04,
         1.99297586e-08,   6.13456030e-05,   3.59308188e-02,
         3.77260549e-09,   3.47818291e-05,   1.05542261e-01,
         3.74275298e-07,   5.47704584e-04,   1.03638187e+01,
         4.92997175e-09,   2.39065361e-06,   7.34526407e-01,
         1.30385474e-07,   3.05711285e-03,   8.90155414e-01,
         1.21656264e-08,   1.06572853e-03,   1.94311076e-01,
         2.55263681e-08,   6.15448410e-05,   7.25525851e+00,
         3.43610585e-09,   5.59697487e-05,   4.81685869e-03,
         7.99880526e-09,   7.10018448e-05,   4.02102449e-01,
         8.24223678e-08,   2.47322004e-05,   3.14371934e-03,
         8.61313830e-03,   2.86170386e+01,   2.17421959e-04,
         1.33480592e-06,   1.31214497e-07,   1.74603614e-05,
         1.52855815e-05,   1.08698378e-07,   2.87687457e-05,
         1.45423350e-07,   1.50766378e-03,   5.18073240e-07,
         1.03531946e-04,   7.56941139e-03,   2.90487200e-03,
         6.97489621e-09,   6.84424329e-02,   4.52160489e-01,
         5.07349909e-08,   6.11266775e-04]),
 1135.6972041001891,
 1.5725548994072746e-05,
 2451,
 48,
 709,
 0)

